P1_POS    |     P2_POS    |    BALL_X    |    BALL_Y    |    END_BYTE
128    |     128    |    256    |    128    |    00000000
128    |     128    |    261    |    128    |    00000000
128    |     128    |    266    |    128    |    00000000
128    |     128    |    271    |    128    |    00000000
128    |     128    |    276    |    128    |    00000000
128    |     128    |    281    |    128    |    00000000
128    |     128    |    286    |    128    |    00000000
128    |     128    |    291    |    128    |    00000000
128    |     128    |    296    |    128    |    00000000
128    |     128    |    301    |    128    |    00000000
128    |     128    |    306    |    128    |    00000000
128    |     128    |    311    |    128    |    00000000
128    |     128    |    316    |    128    |    00000000
128    |     128    |    321    |    128    |    00000000
128    |     128    |    326    |    128    |    00000000
128    |     128    |    331    |    128    |    00000000
128    |     128    |    336    |    128    |    00000000
128    |     128    |    341    |    128    |    00000000
128    |     128    |    346    |    128    |    00000000
128    |     128    |    351    |    128    |    00000000
128    |     128    |    356    |    128    |    00000000
128    |     128    |    361    |    128    |    00000000
128    |     128    |    366    |    128    |    00000000
128    |     128    |    371    |    128    |    00000000
128    |     128    |    376    |    128    |    00000000
128    |     128    |    381    |    128    |    00000000
128    |     128    |    386    |    128    |    00000000
128    |     128    |    391    |    128    |    00000000
128    |     128    |    396    |    128    |    00000000
128    |     128    |    401    |    128    |    00000000
128    |     128    |    406    |    128    |    00000000
128    |     128    |    411    |    128    |    00000000
128    |     128    |    416    |    128    |    00000000
128    |     128    |    421    |    128    |    00000000
128    |     128    |    426    |    128    |    00000000
128    |     128    |    431    |    128    |    00000000
128    |     128    |    436    |    128    |    00000000
128    |     128    |    441    |    128    |    00000000
128    |     128    |    446    |    128    |    00000000
128    |     128    |    451    |    128    |    00000000
128    |     128    |    456    |    128    |    00000000
128    |     128    |    461    |    128    |    00000000
128    |     128    |    466    |    128    |    00000000
128    |     128    |    471    |    128    |    00000000
128    |     128    |    476    |    128    |    00000000
128    |     128    |    481    |    128    |    00000000
128    |     128    |    486    |    128    |    00000000
128    |     123    |    491    |    128    |    00000000
128    |     118    |    496    |    128    |    00000000
128    |     113    |    501    |    128    |    00000000
128    |     108    |    494    |    130    |    00000000
128    |     103    |    487    |    132    |    00000000
128    |     98    |    480    |    134    |    00000000
128    |     93    |    473    |    136    |    00000000
128    |     88    |    466    |    138    |    00000000
128    |     83    |    459    |    140    |    00000000
128    |     78    |    452    |    142    |    00000000
128    |     73    |    445    |    144    |    00000000
128    |     68    |    438    |    146    |    00000000
128    |     68    |    431    |    148    |    00000000
128    |     68    |    424    |    150    |    00000000
128    |     68    |    417    |    152    |    00000000
128    |     68    |    410    |    154    |    00000000
128    |     68    |    403    |    156    |    00000000
128    |     68    |    396    |    158    |    00000000
128    |     68    |    389    |    160    |    00000000
128    |     68    |    382    |    162    |    00000000
128    |     68    |    375    |    164    |    00000000
128    |     68    |    368    |    166    |    00000000
128    |     68    |    361    |    168    |    00000000
133    |     68    |    354    |    170    |    00000000
138    |     68    |    347    |    172    |    00000000
143    |     68    |    340    |    174    |    00000000
148    |     68    |    333    |    176    |    00000000
153    |     68    |    326    |    178    |    00000000
158    |     68    |    319    |    180    |    00000000
163    |     68    |    312    |    182    |    00000000
168    |     68    |    305    |    184    |    00000000
173    |     68    |    298    |    186    |    00000000
178    |     68    |    291    |    188    |    00000000
183    |     68    |    284    |    190    |    00000000
188    |     68    |    277    |    192    |    00000000
193    |     68    |    270    |    194    |    00000000
198    |     68    |    263    |    196    |    00000000
203    |     68    |    256    |    198    |    00000000
203    |     68    |    249    |    200    |    00000000
203    |     68    |    242    |    202    |    00000000
203    |     68    |    235    |    204    |    00000000
203    |     68    |    228    |    206    |    00000000
203    |     68    |    221    |    208    |    00000000
203    |     68    |    214    |    210    |    00000000
203    |     68    |    207    |    212    |    00000000
203    |     68    |    200    |    214    |    00000000
203    |     68    |    193    |    216    |    00000000
203    |     68    |    186    |    218    |    00000000
203    |     68    |    179    |    220    |    00000000
203    |     68    |    172    |    222    |    00000000
203    |     68    |    165    |    224    |    00000000
203    |     68    |    158    |    226    |    00000000
203    |     68    |    151    |    228    |    00000000
203    |     68    |    144    |    230    |    00000000
203    |     68    |    137    |    229    |    00000000
203    |     68    |    130    |    227    |    00000000
203    |     68    |    123    |    225    |    00000000
203    |     68    |    116    |    223    |    00000000
203    |     68    |    109    |    221    |    00000000
203    |     68    |    102    |    219    |    00000000
203    |     68    |    95    |    217    |    00000000
203    |     68    |    88    |    215    |    00000000
203    |     68    |    81    |    213    |    00000000
203    |     68    |    74    |    211    |    00000000
203    |     68    |    67    |    209    |    00000000
198    |     68    |    60    |    207    |    00000000
193    |     68    |    53    |    205    |    00000000
188    |     68    |    46    |    203    |    00000000
183    |     68    |    39    |    201    |    00000000
178    |     68    |    32    |    199    |    00000000
173    |     68    |    25    |    197    |    00000000
168    |     68    |    18    |    195    |    00000000
163    |     68    |    11    |    193    |    00000000
158    |     68    |    256    |    128    |    00000001
153    |     68    |    251    |    128    |    00000001
148    |     68    |    246    |    128    |    00000001
143    |     68    |    241    |    128    |    00000001
138    |     68    |    236    |    128    |    00000001
133    |     68    |    231    |    128    |    00000001
128    |     68    |    226    |    128    |    00000001
123    |     68    |    221    |    128    |    00000001
118    |     68    |    216    |    128    |    00000001
113    |     68    |    211    |    128    |    00000001
108    |     68    |    206    |    128    |    00000001
103    |     68    |    201    |    128    |    00000001
98    |     68    |    196    |    128    |    00000001
93    |     68    |    191    |    128    |    00000001
88    |     68    |    186    |    128    |    00000001
83    |     68    |    181    |    128    |    00000001
78    |     68    |    176    |    128    |    00000001
73    |     68    |    171    |    128    |    00000001
68    |     68    |    166    |    128    |    00000001
63    |     68    |    161    |    128    |    00000001
58    |     68    |    156    |    128    |    00000001
58    |     68    |    151    |    128    |    00000001
58    |     68    |    146    |    128    |    00000001
58    |     68    |    141    |    128    |    00000001
58    |     68    |    136    |    128    |    00000001
58    |     68    |    131    |    128    |    00000001
63    |     68    |    126    |    128    |    00000001
68    |     68    |    121    |    128    |    00000001
73    |     68    |    116    |    128    |    00000001
78    |     68    |    111    |    128    |    00000001
83    |     68    |    106    |    128    |    00000001
88    |     68    |    101    |    128    |    00000001
93    |     68    |    96    |    128    |    00000001
98    |     68    |    91    |    128    |    00000001
103    |     68    |    86    |    128    |    00000001
108    |     68    |    81    |    128    |    00000001
113    |     68    |    76    |    128    |    00000001
118    |     68    |    71    |    128    |    00000001
123    |     68    |    66    |    128    |    00000001
128    |     68    |    61    |    128    |    00000001
133    |     68    |    56    |    128    |    00000001
138    |     68    |    51    |    128    |    00000001
143    |     68    |    46    |    128    |    00000001
138    |     68    |    41    |    128    |    00000001
133    |     68    |    36    |    128    |    00000001
128    |     68    |    31    |    128    |    00000001
123    |     68    |    26    |    128    |    00000001
118    |     68    |    21    |    128    |    00000001
113    |     68    |    16    |    128    |    00000001
108    |     68    |    11    |    128    |    00000001
103    |     68    |    14    |    130    |    00000001
103    |     68    |    17    |    132    |    00000001
103    |     68    |    20    |    134    |    00000001
103    |     68    |    23    |    136    |    00000001
103    |     68    |    26    |    138    |    00000001
103    |     68    |    29    |    140    |    00000001
103    |     68    |    32    |    142    |    00000001
103    |     68    |    35    |    144    |    00000001
103    |     68    |    38    |    146    |    00000001
103    |     68    |    41    |    148    |    00000001
103    |     68    |    44    |    150    |    00000001
103    |     68    |    47    |    152    |    00000001
103    |     68    |    50    |    154    |    00000001
103    |     68    |    53    |    156    |    00000001
103    |     68    |    56    |    158    |    00000001
103    |     68    |    59    |    160    |    00000001
103    |     68    |    62    |    162    |    00000001
103    |     68    |    65    |    164    |    00000001
103    |     68    |    68    |    166    |    00000001
103    |     68    |    71    |    168    |    00000001
103    |     68    |    74    |    170    |    00000001
103    |     68    |    77    |    172    |    00000001
103    |     73    |    80    |    174    |    00000001
103    |     78    |    83    |    176    |    00000001
103    |     83    |    86    |    178    |    00000001
103    |     88    |    89    |    180    |    00000001
103    |     93    |    92    |    182    |    00000001
103    |     98    |    95    |    184    |    00000001
103    |     103    |    98    |    186    |    00000001
103    |     108    |    101    |    188    |    00000001
103    |     113    |    104    |    190    |    00000001
103    |     118    |    107    |    192    |    00000001
103    |     123    |    110    |    194    |    00000001
103    |     128    |    113    |    196    |    00000001
103    |     133    |    116    |    198    |    00000001
103    |     138    |    119    |    200    |    00000001
103    |     138    |    122    |    202    |    00000001
103    |     138    |    125    |    204    |    00000001
103    |     138    |    128    |    206    |    00000001
103    |     138    |    131    |    208    |    00000001
103    |     138    |    134    |    210    |    00000001
103    |     138    |    137    |    212    |    00000001
103    |     138    |    140    |    214    |    00000001
103    |     138    |    143    |    216    |    00000001
108    |     138    |    146    |    218    |    00000001
113    |     133    |    149    |    220    |    00000001
118    |     128    |    152    |    222    |    00000001
123    |     123    |    155    |    224    |    00000001
128    |     118    |    158    |    226    |    00000001
133    |     113    |    161    |    228    |    00000001
138    |     108    |    164    |    230    |    00000001
143    |     103    |    167    |    229    |    00000001
148    |     98    |    170    |    227    |    00000001
153    |     93    |    173    |    225    |    00000001
158    |     88    |    176    |    223    |    00000001
163    |     83    |    179    |    221    |    00000001
168    |     78    |    182    |    219    |    00000001
173    |     73    |    185    |    217    |    00000001
178    |     73    |    188    |    215    |    00000001
183    |     73    |    191    |    213    |    00000001
188    |     73    |    194    |    211    |    00000001
188    |     73    |    197    |    209    |    00000001
188    |     73    |    200    |    207    |    00000001
188    |     73    |    203    |    205    |    00000001
188    |     78    |    206    |    203    |    00000001
188    |     83    |    209    |    201    |    00000001
188    |     88    |    212    |    199    |    00000001
188    |     93    |    215    |    197    |    00000001
188    |     98    |    218    |    195    |    00000001
188    |     103    |    221    |    193    |    00000001
188    |     108    |    224    |    191    |    00000001
188    |     113    |    227    |    189    |    00000001
188    |     118    |    230    |    187    |    00000001
188    |     123    |    233    |    185    |    00000001
188    |     128    |    236    |    183    |    00000001
193    |     133    |    239    |    181    |    00000001
198    |     138    |    242    |    179    |    00000001
203    |     143    |    245    |    177    |    00000001
207    |     148    |    248    |    175    |    00000001
207    |     153    |    251    |    173    |    00000001
207    |     153    |    254    |    171    |    00000001
202    |     153    |    257    |    169    |    00000001
197    |     153    |    260    |    167    |    00000001
192    |     153    |    263    |    165    |    00000001
187    |     153    |    266    |    163    |    00000001
182    |     153    |    269    |    161    |    00000001
177    |     153    |    272    |    159    |    00000001
172    |     153    |    275    |    157    |    00000001
167    |     148    |    278    |    155    |    00000001
162    |     143    |    281    |    153    |    00000001
157    |     138    |    284    |    151    |    00000001
152    |     133    |    287    |    149    |    00000001
147    |     128    |    290    |    147    |    00000001
142    |     123    |    293    |    145    |    00000001
137    |     118    |    296    |    143    |    00000001
132    |     113    |    299    |    141    |    00000001
127    |     108    |    302    |    139    |    00000001
122    |     103    |    305    |    137    |    00000001
117    |     98    |    308    |    135    |    00000001
112    |     93    |    311    |    133    |    00000001
107    |     88    |    314    |    131    |    00000001
107    |     83    |    317    |    129    |    00000001
107    |     78    |    320    |    127    |    00000001
107    |     73    |    323    |    125    |    00000001
107    |     68    |    326    |    123    |    00000001
107    |     63    |    329    |    121    |    00000001
107    |     63    |    332    |    119    |    00000001
107    |     63    |    335    |    117    |    00000001
107    |     63    |    338    |    115    |    00000001
107    |     63    |    341    |    113    |    00000001
107    |     63    |    344    |    111    |    00000001
107    |     63    |    347    |    109    |    00000001
107    |     63    |    350    |    107    |    00000001
107    |     63    |    353    |    105    |    00000001
107    |     63    |    356    |    103    |    00000001
107    |     63    |    359    |    101    |    00000001
107    |     63    |    362    |    99    |    00000001
107    |     63    |    365    |    97    |    00000001
107    |     63    |    368    |    95    |    00000001
107    |     63    |    371    |    93    |    00000001
107    |     63    |    374    |    91    |    00000001
107    |     63    |    377    |    89    |    00000001
107    |     63    |    380    |    87    |    00000001
107    |     63    |    383    |    85    |    00000001
107    |     63    |    386    |    83    |    00000001
107    |     63    |    389    |    81    |    00000001
107    |     63    |    392    |    79    |    00000001
107    |     68    |    395    |    77    |    00000001
107    |     73    |    398    |    75    |    00000001
107    |     78    |    401    |    73    |    00000001
107    |     83    |    404    |    71    |    00000001
107    |     88    |    407    |    69    |    00000001
107    |     93    |    410    |    67    |    00000001
107    |     98    |    413    |    65    |    00000001
107    |     98    |    416    |    63    |    00000001
107    |     98    |    419    |    61    |    00000001
107    |     98    |    422    |    59    |    00000001
107    |     98    |    425    |    57    |    00000001
107    |     98    |    428    |    55    |    00000001
107    |     98    |    431    |    53    |    00000001
107    |     98    |    434    |    51    |    00000001
107    |     98    |    437    |    49    |    00000001
107    |     93    |    440    |    47    |    00000001
107    |     88    |    443    |    45    |    00000001
107    |     83    |    446    |    43    |    00000001
107    |     78    |    449    |    41    |    00000001
107    |     73    |    452    |    39    |    00000001
107    |     68    |    455    |    37    |    00000001
107    |     63    |    458    |    35    |    00000001
107    |     58    |    461    |    33    |    00000001
107    |     53    |    464    |    31    |    00000001
107    |     49    |    467    |    29    |    00000001
107    |     49    |    470    |    27    |    00000001
107    |     49    |    473    |    27    |    00000001
107    |     49    |    476    |    29    |    00000001
107    |     49    |    479    |    31    |    00000001
107    |     49    |    482    |    33    |    00000001
107    |     54    |    485    |    35    |    00000001
107    |     59    |    488    |    37    |    00000001
107    |     64    |    491    |    39    |    00000001
107    |     69    |    494    |    41    |    00000001
107    |     74    |    497    |    43    |    00000001
107    |     79    |    500    |    45    |    00000001
107    |     84    |    503    |    47    |    00000001
107    |     89    |    256    |    128    |    00001001
107    |     94    |    261    |    128    |    00001001
107    |     99    |    266    |    128    |    00001001
107    |     104    |    271    |    128    |    00001001
107    |     104    |    276    |    128    |    00001001
107    |     104    |    281    |    128    |    00001001
107    |     104    |    286    |    128    |    00001001
107    |     104    |    291    |    128    |    00001001
107    |     104    |    296    |    128    |    00001001
107    |     104    |    301    |    128    |    00001001
107    |     104    |    306    |    128    |    00001001
107    |     104    |    311    |    128    |    00001001
107    |     104    |    316    |    128    |    00001001
107    |     104    |    321    |    128    |    00001001
107    |     104    |    326    |    128    |    00001001
107    |     104    |    331    |    128    |    00001001
107    |     104    |    336    |    128    |    00001001
107    |     104    |    341    |    128    |    00001001
107    |     104    |    346    |    128    |    00001001
107    |     104    |    351    |    128    |    00001001
107    |     104    |    356    |    128    |    00001001
107    |     104    |    361    |    128    |    00001001
107    |     104    |    366    |    128    |    00001001
107    |     104    |    371    |    128    |    00001001
107    |     104    |    376    |    128    |    00001001
107    |     104    |    381    |    128    |    00001001
107    |     104    |    386    |    128    |    00001001
107    |     104    |    391    |    128    |    00001001
107    |     104    |    396    |    128    |    00001001
107    |     104    |    401    |    128    |    00001001
107    |     104    |    406    |    128    |    00001001
107    |     104    |    411    |    128    |    00001001
107    |     104    |    416    |    128    |    00001001
107    |     104    |    421    |    128    |    00001001
107    |     109    |    426    |    128    |    00001001
107    |     114    |    431    |    128    |    00001001
107    |     119    |    436    |    128    |    00001001
107    |     124    |    441    |    128    |    00001001
107    |     129    |    446    |    128    |    00001001
107    |     134    |    451    |    128    |    00001001
107    |     139    |    456    |    128    |    00001001
107    |     144    |    461    |    128    |    00001001
107    |     149    |    466    |    128    |    00001001
107    |     154    |    471    |    128    |    00001001
107    |     159    |    476    |    128    |    00001001
107    |     154    |    481    |    128    |    00001001
107    |     149    |    486    |    128    |    00001001
107    |     144    |    491    |    128    |    00001001
107    |     139    |    496    |    128    |    00001001
107    |     134    |    501    |    128    |    00001001
107    |     129    |    494    |    130    |    00001001
107    |     124    |    487    |    132    |    00001001
107    |     119    |    480    |    134    |    00001001
107    |     114    |    473    |    136    |    00001001
107    |     109    |    466    |    138    |    00001001
107    |     109    |    459    |    140    |    00001001
107    |     109    |    452    |    142    |    00001001
107    |     109    |    445    |    144    |    00001001
107    |     109    |    438    |    146    |    00001001
107    |     109    |    431    |    148    |    00001001
107    |     109    |    424    |    150    |    00001001
107    |     109    |    417    |    152    |    00001001
107    |     109    |    410    |    154    |    00001001
107    |     109    |    403    |    156    |    00001001
107    |     109    |    396    |    158    |    00001001
107    |     109    |    389    |    160    |    00001001
107    |     109    |    382    |    162    |    00001001
107    |     109    |    375    |    164    |    00001001
107    |     109    |    368    |    166    |    00001001
107    |     109    |    361    |    168    |    00001001
107    |     109    |    354    |    170    |    00001001
107    |     109    |    347    |    172    |    00001001
107    |     109    |    340    |    174    |    00001001
112    |     109    |    333    |    176    |    00001001
117    |     109    |    326    |    178    |    00001001
122    |     109    |    319    |    180    |    00001001
127    |     109    |    312    |    182    |    00001001
132    |     109    |    305    |    184    |    00001001
137    |     109    |    298    |    186    |    00001001
142    |     109    |    291    |    188    |    00001001
147    |     109    |    284    |    190    |    00001001
152    |     109    |    277    |    192    |    00001001
157    |     109    |    270    |    194    |    00001001
162    |     109    |    263    |    196    |    00001001
167    |     109    |    256    |    198    |    00001001
172    |     109    |    249    |    200    |    00001001
177    |     109    |    242    |    202    |    00001001
182    |     109    |    235    |    204    |    00001001
187    |     109    |    228    |    206    |    00001001
192    |     109    |    221    |    208    |    00001001
192    |     109    |    214    |    210    |    00001001
192    |     109    |    207    |    212    |    00001001
192    |     109    |    200    |    214    |    00001001
192    |     109    |    193    |    216    |    00001001
192    |     109    |    186    |    218    |    00001001
192    |     109    |    179    |    220    |    00001001
192    |     109    |    172    |    222    |    00001001
192    |     109    |    165    |    224    |    00001001
192    |     109    |    158    |    226    |    00001001
192    |     109    |    151    |    228    |    00001001
192    |     109    |    144    |    230    |    00001001
192    |     109    |    137    |    229    |    00001001
192    |     109    |    130    |    227    |    00001001
192    |     109    |    123    |    225    |    00001001
192    |     109    |    116    |    223    |    00001001
192    |     109    |    109    |    221    |    00001001
192    |     109    |    102    |    219    |    00001001
192    |     109    |    95    |    217    |    00001001
192    |     109    |    88    |    215    |    00001001
192    |     109    |    81    |    213    |    00001001
192    |     109    |    74    |    211    |    00001001
192    |     109    |    67    |    209    |    00001001
192    |     109    |    60    |    207    |    00001001
192    |     109    |    53    |    205    |    00001001
192    |     109    |    46    |    203    |    00001001
192    |     109    |    39    |    201    |    00001001
192    |     109    |    32    |    199    |    00001001
192    |     109    |    25    |    197    |    00001001
187    |     109    |    18    |    195    |    00001001
182    |     109    |    11    |    193    |    00001001
177    |     109    |    20    |    189    |    00001001
172    |     109    |    29    |    185    |    00001001
167    |     109    |    38    |    181    |    00001001
162    |     109    |    47    |    177    |    00001001
157    |     109    |    56    |    173    |    00001001
152    |     109    |    65    |    169    |    00001001
147    |     109    |    74    |    165    |    00001001
142    |     109    |    83    |    161    |    00001001
137    |     109    |    92    |    157    |    00001001
132    |     109    |    101    |    153    |    00001001
127    |     109    |    110    |    149    |    00001001
122    |     109    |    119    |    145    |    00001001
117    |     109    |    128    |    141    |    00001001
112    |     109    |    137    |    137    |    00001001
107    |     109    |    146    |    133    |    00001001
102    |     109    |    155    |    129    |    00001001
97    |     109    |    164    |    125    |    00001001
92    |     109    |    173    |    121    |    00001001
87    |     109    |    182    |    117    |    00001001
82    |     109    |    191    |    113    |    00001001
82    |     109    |    200    |    109    |    00001001
82    |     109    |    209    |    105    |    00001001
82    |     109    |    218    |    101    |    00001001
82    |     109    |    227    |    97    |    00001001
82    |     109    |    236    |    93    |    00001001
82    |     109    |    245    |    89    |    00001001
82    |     109    |    254    |    85    |    00001001
82    |     109    |    263    |    81    |    00001001
82    |     109    |    272    |    77    |    00001001
82    |     109    |    281    |    73    |    00001001
82    |     104    |    290    |    69    |    00001001
82    |     99    |    299    |    65    |    00001001
82    |     94    |    308    |    61    |    00001001
82    |     89    |    317    |    57    |    00001001
82    |     84    |    326    |    53    |    00001001
82    |     79    |    335    |    49    |    00001001
82    |     74    |    344    |    45    |    00001001
82    |     69    |    353    |    41    |    00001001
82    |     64    |    362    |    37    |    00001001
82    |     59    |    371    |    33    |    00001001
82    |     54    |    380    |    29    |    00001001
82    |     49    |    389    |    27    |    00001001
82    |     49    |    398    |    31    |    00001001
82    |     49    |    407    |    35    |    00001001
82    |     49    |    416    |    39    |    00001001
82    |     49    |    425    |    43    |    00001001
82    |     49    |    434    |    47    |    00001001
82    |     49    |    443    |    51    |    00001001
82    |     49    |    452    |    55    |    00001001
82    |     49    |    461    |    59    |    00001001
82    |     49    |    470    |    63    |    00001001
82    |     49    |    479    |    67    |    00001001
82    |     49    |    488    |    71    |    00001001
82    |     49    |    497    |    75    |    00001001
82    |     49    |    256    |    128    |    00010001
82    |     49    |    261    |    128    |    00010001
82    |     49    |    266    |    128    |    00010001
82    |     54    |    271    |    128    |    00010001
82    |     59    |    276    |    128    |    00010001
82    |     64    |    281    |    128    |    00010001
82    |     69    |    286    |    128    |    00010001
82    |     74    |    291    |    128    |    00010001
82    |     79    |    296    |    128    |    00010001
82    |     84    |    301    |    128    |    00010001
82    |     89    |    306    |    128    |    00010001
82    |     94    |    311    |    128    |    00010001
82    |     99    |    316    |    128    |    00010001
82    |     104    |    321    |    128    |    00010001
82    |     109    |    326    |    128    |    00010001
82    |     114    |    331    |    128    |    00010001
82    |     119    |    336    |    128    |    00010001
82    |     124    |    341    |    128    |    00010001
82    |     124    |    346    |    128    |    00010001
82    |     124    |    351    |    128    |    00010001
82    |     124    |    356    |    128    |    00010001
82    |     124    |    361    |    128    |    00010001
82    |     124    |    366    |    128    |    00010001
82    |     124    |    371    |    128    |    00010001
82    |     124    |    376    |    128    |    00010001
82    |     124    |    381    |    128    |    00010001
82    |     124    |    386    |    128    |    00010001
82    |     124    |    391    |    128    |    00010001
82    |     124    |    396    |    128    |    00010001
82    |     124    |    401    |    128    |    00010001
82    |     124    |    406    |    128    |    00010001
82    |     124    |    411    |    128    |    00010001
82    |     124    |    416    |    128    |    00010001
82    |     124    |    421    |    128    |    00010001
82    |     124    |    426    |    128    |    00010001
82    |     124    |    431    |    128    |    00010001
82    |     124    |    436    |    128    |    00010001
82    |     129    |    441    |    128    |    00010001
82    |     134    |    446    |    128    |    00010001
82    |     139    |    451    |    128    |    00010001
82    |     144    |    456    |    128    |    00010001
82    |     149    |    461    |    128    |    00010001
82    |     154    |    466    |    128    |    00010001
82    |     159    |    471    |    128    |    00010001
82    |     164    |    476    |    128    |    00010001
82    |     159    |    481    |    128    |    00010001
82    |     154    |    486    |    128    |    00010001
82    |     149    |    491    |    128    |    00010001
82    |     144    |    496    |    128    |    00010001
82    |     139    |    501    |    128    |    00010001
82    |     134    |    494    |    130    |    00010001
82    |     129    |    487    |    132    |    00010001
82    |     124    |    480    |    134    |    00010001
82    |     119    |    473    |    136    |    00010001
82    |     114    |    466    |    138    |    00010001
82    |     109    |    459    |    140    |    00010001
82    |     104    |    452    |    142    |    00010001
82    |     99    |    445    |    144    |    00010001
82    |     94    |    438    |    146    |    00010001
82    |     89    |    431    |    148    |    00010001
82    |     84    |    424    |    150    |    00010001
82    |     79    |    417    |    152    |    00010001
82    |     74    |    410    |    154    |    00010001
82    |     69    |    403    |    156    |    00010001
82    |     64    |    396    |    158    |    00010001
82    |     64    |    389    |    160    |    00010001
82    |     64    |    382    |    162    |    00010001
82    |     64    |    375    |    164    |    00010001
82    |     64    |    368    |    166    |    00010001
82    |     64    |    361    |    168    |    00010001
82    |     64    |    354    |    170    |    00010001
82    |     64    |    347    |    172    |    00010001
87    |     64    |    340    |    174    |    00010001
92    |     64    |    333    |    176    |    00010001
97    |     64    |    326    |    178    |    00010001
102    |     64    |    319    |    180    |    00010001
107    |     64    |    312    |    182    |    00010001
112    |     64    |    305    |    184    |    00010001
117    |     64    |    298    |    186    |    00010001
122    |     64    |    291    |    188    |    00010001
127    |     64    |    284    |    190    |    00010001
132    |     64    |    277    |    192    |    00010001
137    |     64    |    270    |    194    |    00010001
142    |     64    |    263    |    196    |    00010001
147    |     64    |    256    |    198    |    00010001
152    |     64    |    249    |    200    |    00010001
157    |     64    |    242    |    202    |    00010001
162    |     64    |    235    |    204    |    00010001
167    |     64    |    228    |    206    |    00010001
172    |     64    |    221    |    208    |    00010001
177    |     64    |    214    |    210    |    00010001
182    |     64    |    207    |    212    |    00010001
187    |     64    |    200    |    214    |    00010001
192    |     64    |    193    |    216    |    00010001
197    |     64    |    186    |    218    |    00010001
202    |     64    |    179    |    220    |    00010001
202    |     64    |    172    |    222    |    00010001
202    |     64    |    165    |    224    |    00010001
202    |     64    |    158    |    226    |    00010001
202    |     64    |    151    |    228    |    00010001
202    |     64    |    144    |    230    |    00010001
202    |     64    |    137    |    229    |    00010001
202    |     64    |    130    |    227    |    00010001
202    |     64    |    123    |    225    |    00010001
202    |     64    |    116    |    223    |    00010001
202    |     64    |    109    |    221    |    00010001
202    |     64    |    102    |    219    |    00010001
202    |     64    |    95    |    217    |    00010001
202    |     64    |    88    |    215    |    00010001
202    |     64    |    81    |    213    |    00010001
202    |     64    |    74    |    211    |    00010001
202    |     64    |    67    |    209    |    00010001
202    |     64    |    60    |    207    |    00010001
202    |     64    |    53    |    205    |    00010001
202    |     64    |    46    |    203    |    00010001
202    |     64    |    39    |    201    |    00010001
197    |     64    |    32    |    199    |    00010001
192    |     64    |    25    |    197    |    00010001
187    |     64    |    18    |    195    |    00010001
182    |     64    |    11    |    193    |    00010001
177    |     64    |    20    |    189    |    00010001
172    |     64    |    29    |    185    |    00010001
167    |     64    |    38    |    181    |    00010001
162    |     64    |    47    |    177    |    00010001
157    |     64    |    56    |    173    |    00010001
152    |     64    |    65    |    169    |    00010001
147    |     64    |    74    |    165    |    00010001
142    |     64    |    83    |    161    |    00010001
137    |     64    |    92    |    157    |    00010001
132    |     64    |    101    |    153    |    00010001
127    |     64    |    110    |    149    |    00010001
122    |     64    |    119    |    145    |    00010001
117    |     64    |    128    |    141    |    00010001
112    |     64    |    137    |    137    |    00010001
107    |     64    |    146    |    133    |    00010001
102    |     64    |    155    |    129    |    00010001
97    |     64    |    164    |    125    |    00010001
92    |     64    |    173    |    121    |    00010001
87    |     64    |    182    |    117    |    00010001
82    |     64    |    191    |    113    |    00010001
77    |     64    |    200    |    109    |    00010001
77    |     64    |    209    |    105    |    00010001
77    |     64    |    218    |    101    |    00010001
77    |     64    |    227    |    97    |    00010001
77    |     64    |    236    |    93    |    00010001
77    |     64    |    245    |    89    |    00010001
77    |     64    |    254    |    85    |    00010001
77    |     64    |    263    |    81    |    00010001
77    |     64    |    272    |    77    |    00010001
77    |     64    |    281    |    73    |    00010001
77    |     64    |    290    |    69    |    00010001
77    |     64    |    299    |    65    |    00010001
77    |     64    |    308    |    61    |    00010001
77    |     64    |    317    |    57    |    00010001
77    |     59    |    326    |    53    |    00010001
77    |     54    |    335    |    49    |    00010001
77    |     49    |    344    |    45    |    00010001
77    |     49    |    353    |    41    |    00010001
77    |     49    |    362    |    37    |    00010001
77    |     49    |    371    |    33    |    00010001
77    |     49    |    380    |    29    |    00010001
77    |     49    |    389    |    27    |    00010001
77    |     49    |    398    |    31    |    00010001
77    |     49    |    407    |    35    |    00010001
77    |     49    |    416    |    39    |    00010001
77    |     49    |    425    |    43    |    00010001
77    |     49    |    434    |    47    |    00010001
77    |     49    |    443    |    51    |    00010001
77    |     49    |    452    |    55    |    00010001
77    |     49    |    461    |    59    |    00010001
77    |     54    |    470    |    63    |    00010001
77    |     59    |    479    |    67    |    00010001
77    |     64    |    488    |    71    |    00010001
77    |     69    |    497    |    75    |    00010001
77    |     74    |    506    |    79    |    00010001
77    |     79    |    499    |    85    |    00010001
77    |     84    |    492    |    91    |    00010001
77    |     89    |    485    |    97    |    00010001
77    |     94    |    478    |    103    |    00010001
77    |     99    |    471    |    109    |    00010001
77    |     104    |    464    |    115    |    00010001
77    |     109    |    457    |    121    |    00010001
77    |     109    |    450    |    127    |    00010001
77    |     109    |    443    |    133    |    00010001
77    |     109    |    436    |    139    |    00010001
77    |     109    |    429    |    145    |    00010001
77    |     109    |    422    |    151    |    00010001
77    |     109    |    415    |    157    |    00010001
77    |     109    |    408    |    163    |    00010001
77    |     109    |    401    |    169    |    00010001
77    |     109    |    394    |    175    |    00010001
77    |     109    |    387    |    181    |    00010001
77    |     109    |    380    |    187    |    00010001
77    |     109    |    373    |    193    |    00010001
77    |     109    |    366    |    199    |    00010001
77    |     109    |    359    |    205    |    00010001
77    |     109    |    352    |    211    |    00010001
77    |     109    |    345    |    217    |    00010001
77    |     109    |    338    |    223    |    00010001
77    |     109    |    331    |    229    |    00010001
77    |     109    |    324    |    229    |    00010001
77    |     109    |    317    |    223    |    00010001
77    |     109    |    310    |    217    |    00010001
77    |     109    |    303    |    211    |    00010001
77    |     109    |    296    |    205    |    00010001
77    |     109    |    289    |    199    |    00010001
77    |     109    |    282    |    193    |    00010001
77    |     109    |    275    |    187    |    00010001
77    |     109    |    268    |    181    |    00010001
77    |     109    |    261    |    175    |    00010001
77    |     109    |    254    |    169    |    00010001
77    |     109    |    247    |    163    |    00010001
77    |     109    |    240    |    157    |    00010001
77    |     109    |    233    |    151    |    00010001
77    |     109    |    226    |    145    |    00010001
77    |     109    |    219    |    139    |    00010001
77    |     109    |    212    |    133    |    00010001
82    |     109    |    205    |    127    |    00010001
87    |     109    |    198    |    121    |    00010001
92    |     109    |    191    |    115    |    00010001
97    |     109    |    184    |    109    |    00010001
102    |     109    |    177    |    103    |    00010001
107    |     109    |    170    |    97    |    00010001
112    |     109    |    163    |    91    |    00010001
117    |     109    |    156    |    85    |    00010001
112    |     109    |    149    |    79    |    00010001
107    |     109    |    142    |    73    |    00010001
102    |     109    |    135    |    67    |    00010001
97    |     109    |    128    |    61    |    00010001
92    |     109    |    121    |    55    |    00010001
87    |     109    |    114    |    49    |    00010001
82    |     109    |    107    |    43    |    00010001
77    |     109    |    100    |    37    |    00010001
72    |     109    |    93    |    31    |    00010001
67    |     109    |    86    |    27    |    00010001
62    |     109    |    79    |    33    |    00010001
57    |     109    |    72    |    39    |    00010001
52    |     109    |    65    |    45    |    00010001
49    |     109    |    58    |    51    |    00010001
49    |     109    |    51    |    57    |    00010001
49    |     109    |    44    |    63    |    00010001
49    |     109    |    37    |    69    |    00010001
54    |     109    |    30    |    75    |    00010001
59    |     109    |    23    |    81    |    00010001
64    |     109    |    16    |    87    |    00010001
69    |     109    |    9    |    93    |    00010001
74    |     109    |    18    |    101    |    00010001
79    |     109    |    27    |    109    |    00010001
84    |     109    |    36    |    117    |    00010001
89    |     109    |    45    |    125    |    00010001
94    |     109    |    54    |    133    |    00010001
99    |     109    |    63    |    141    |    00010001
104    |     109    |    72    |    149    |    00010001
109    |     109    |    81    |    157    |    00010001
114    |     109    |    90    |    165    |    00010001
119    |     109    |    99    |    173    |    00010001
124    |     109    |    108    |    181    |    00010001
129    |     109    |    117    |    189    |    00010001
134    |     109    |    126    |    197    |    00010001
139    |     109    |    135    |    205    |    00010001
144    |     109    |    144    |    213    |    00010001
149    |     109    |    153    |    221    |    00010001
154    |     109    |    162    |    229    |    00010001
159    |     109    |    171    |    229    |    00010001
164    |     109    |    180    |    221    |    00010001
169    |     109    |    189    |    213    |    00010001
174    |     109    |    198    |    205    |    00010001
174    |     109    |    207    |    197    |    00010001
174    |     109    |    216    |    189    |    00010001
174    |     109    |    225    |    181    |    00010001
174    |     109    |    234    |    173    |    00010001
174    |     109    |    243    |    165    |    00010001
174    |     109    |    252    |    157    |    00010001
174    |     109    |    261    |    149    |    00010001
174    |     109    |    270    |    141    |    00010001
174    |     109    |    279    |    133    |    00010001
174    |     114    |    288    |    125    |    00010001
174    |     119    |    297    |    117    |    00010001
174    |     124    |    306    |    109    |    00010001
174    |     129    |    315    |    101    |    00010001
174    |     134    |    324    |    93    |    00010001
174    |     139    |    333    |    85    |    00010001
174    |     144    |    342    |    77    |    00010001
174    |     144    |    351    |    69    |    00010001
174    |     139    |    360    |    61    |    00010001
174    |     134    |    369    |    53    |    00010001
174    |     129    |    378    |    45    |    00010001
174    |     124    |    387    |    37    |    00010001
174    |     119    |    396    |    29    |    00010001
174    |     114    |    405    |    27    |    00010001
174    |     109    |    414    |    35    |    00010001
174    |     104    |    423    |    43    |    00010001
174    |     99    |    432    |    51    |    00010001
174    |     94    |    441    |    59    |    00010001
174    |     89    |    450    |    67    |    00010001
174    |     84    |    459    |    75    |    00010001
174    |     79    |    468    |    83    |    00010001
174    |     84    |    477    |    91    |    00010001
174    |     89    |    486    |    99    |    00010001
174    |     94    |    495    |    107    |    00010001
174    |     99    |    504    |    115    |    00010001
174    |     104    |    497    |    125    |    00010001
174    |     109    |    490    |    135    |    00010001
174    |     114    |    483    |    145    |    00010001
174    |     119    |    476    |    155    |    00010001
174    |     124    |    469    |    165    |    00010001
174    |     129    |    462    |    175    |    00010001
174    |     134    |    455    |    185    |    00010001
174    |     139    |    448    |    195    |    00010001
174    |     144    |    441    |    205    |    00010001
174    |     149    |    434    |    215    |    00010001
174    |     149    |    427    |    225    |    00010001
174    |     149    |    420    |    229    |    00010001
174    |     149    |    413    |    219    |    00010001
174    |     149    |    406    |    209    |    00010001
174    |     149    |    399    |    199    |    00010001
174    |     149    |    392    |    189    |    00010001
174    |     149    |    385    |    179    |    00010001
174    |     149    |    378    |    169    |    00010001
174    |     149    |    371    |    159    |    00010001
174    |     149    |    364    |    149    |    00010001
174    |     149    |    357    |    139    |    00010001
174    |     149    |    350    |    129    |    00010001
174    |     149    |    343    |    119    |    00010001
174    |     149    |    336    |    109    |    00010001
174    |     149    |    329    |    99    |    00010001
174    |     149    |    322    |    89    |    00010001
174    |     149    |    315    |    79    |    00010001
174    |     149    |    308    |    69    |    00010001
169    |     149    |    301    |    59    |    00010001
164    |     149    |    294    |    49    |    00010001
159    |     149    |    287    |    39    |    00010001
154    |     149    |    280    |    29    |    00010001
149    |     149    |    273    |    27    |    00010001
144    |     149    |    266    |    37    |    00010001
139    |     149    |    259    |    47    |    00010001
134    |     149    |    252    |    57    |    00010001
129    |     149    |    245    |    67    |    00010001
124    |     149    |    238    |    77    |    00010001
119    |     149    |    231    |    87    |    00010001
114    |     149    |    224    |    97    |    00010001
109    |     149    |    217    |    107    |    00010001
104    |     149    |    210    |    117    |    00010001
99    |     149    |    203    |    127    |    00010001
94    |     149    |    196    |    137    |    00010001
89    |     149    |    189    |    147    |    00010001
84    |     149    |    182    |    157    |    00010001
84    |     149    |    175    |    167    |    00010001
89    |     149    |    168    |    177    |    00010001
94    |     149    |    161    |    187    |    00010001
99    |     149    |    154    |    197    |    00010001
104    |     149    |    147    |    207    |    00010001
109    |     149    |    140    |    217    |    00010001
114    |     149    |    133    |    227    |    00010001
119    |     149    |    126    |    229    |    00010001
124    |     149    |    119    |    219    |    00010001
129    |     149    |    112    |    209    |    00010001
134    |     149    |    105    |    199    |    00010001
129    |     149    |    98    |    189    |    00010001
124    |     149    |    91    |    179    |    00010001
119    |     149    |    84    |    169    |    00010001
114    |     149    |    77    |    159    |    00010001
109    |     149    |    70    |    149    |    00010001
104    |     149    |    63    |    139    |    00010001
99    |     149    |    56    |    129    |    00010001
94    |     149    |    49    |    119    |    00010001
89    |     149    |    42    |    109    |    00010001
84    |     149    |    35    |    99    |    00010001
84    |     149    |    28    |    89    |    00010001
89    |     149    |    21    |    79    |    00010001
94    |     149    |    14    |    69    |    00010001
99    |     149    |    7    |    59    |    00010001
104    |     149    |    256    |    128    |    00010010
109    |     149    |    251    |    128    |    00010010
114    |     149    |    246    |    128    |    00010010
119    |     149    |    241    |    128    |    00010010
124    |     149    |    236    |    128    |    00010010
129    |     149    |    231    |    128    |    00010010
134    |     149    |    226    |    128    |    00010010
139    |     149    |    221    |    128    |    00010010
144    |     149    |    216    |    128    |    00010010
149    |     149    |    211    |    128    |    00010010
154    |     149    |    206    |    128    |    00010010
159    |     149    |    201    |    128    |    00010010
164    |     149    |    196    |    128    |    00010010
169    |     149    |    191    |    128    |    00010010
174    |     149    |    186    |    128    |    00010010
179    |     149    |    181    |    128    |    00010010
184    |     149    |    176    |    128    |    00010010
189    |     149    |    171    |    128    |    00010010
194    |     149    |    166    |    128    |    00010010
199    |     149    |    161    |    128    |    00010010
204    |     149    |    156    |    128    |    00010010
204    |     149    |    151    |    128    |    00010010
204    |     149    |    146    |    128    |    00010010
204    |     149    |    141    |    128    |    00010010
204    |     149    |    136    |    128    |    00010010
204    |     149    |    131    |    128    |    00010010
204    |     149    |    126    |    128    |    00010010
204    |     149    |    121    |    128    |    00010010
204    |     149    |    116    |    128    |    00010010
204    |     149    |    111    |    128    |    00010010
204    |     149    |    106    |    128    |    00010010
199    |     149    |    101    |    128    |    00010010
194    |     149    |    96    |    128    |    00010010
189    |     149    |    91    |    128    |    00010010
184    |     149    |    86    |    128    |    00010010
179    |     149    |    81    |    128    |    00010010
174    |     149    |    76    |    128    |    00010010
169    |     149    |    71    |    128    |    00010010
164    |     149    |    66    |    128    |    00010010
159    |     149    |    61    |    128    |    00010010
154    |     149    |    56    |    128    |    00010010
149    |     149    |    51    |    128    |    00010010
144    |     149    |    46    |    128    |    00010010
139    |     149    |    41    |    128    |    00010010
134    |     149    |    36    |    128    |    00010010
129    |     149    |    31    |    128    |    00010010
124    |     149    |    26    |    128    |    00010010
119    |     149    |    21    |    128    |    00010010
114    |     149    |    16    |    128    |    00010010
109    |     149    |    11    |    128    |    00010010
104    |     149    |    14    |    130    |    00010010
99    |     149    |    17    |    132    |    00010010
94    |     149    |    20    |    134    |    00010010
99    |     149    |    23    |    136    |    00010010
104    |     149    |    26    |    138    |    00010010
109    |     149    |    29    |    140    |    00010010
114    |     149    |    32    |    142    |    00010010
119    |     149    |    35    |    144    |    00010010
124    |     149    |    38    |    146    |    00010010
129    |     149    |    41    |    148    |    00010010
134    |     149    |    44    |    150    |    00010010
139    |     149    |    47    |    152    |    00010010
144    |     149    |    50    |    154    |    00010010
149    |     149    |    53    |    156    |    00010010
154    |     149    |    56    |    158    |    00010010
159    |     149    |    59    |    160    |    00010010
164    |     149    |    62    |    162    |    00010010
169    |     149    |    65    |    164    |    00010010
174    |     149    |    68    |    166    |    00010010
179    |     149    |    71    |    168    |    00010010
184    |     149    |    74    |    170    |    00010010
189    |     149    |    77    |    172    |    00010010
194    |     149    |    80    |    174    |    00010010
199    |     149    |    83    |    176    |    00010010
204    |     149    |    86    |    178    |    00010010
207    |     149    |    89    |    180    |    00010010
207    |     149    |    92    |    182    |    00010010
207    |     149    |    95    |    184    |    00010010
207    |     149    |    98    |    186    |    00010010
207    |     149    |    101    |    188    |    00010010
207    |     149    |    104    |    190    |    00010010
207    |     149    |    107    |    192    |    00010010
207    |     149    |    110    |    194    |    00010010
207    |     149    |    113    |    196    |    00010010
207    |     149    |    116    |    198    |    00010010
207    |     149    |    119    |    200    |    00010010
207    |     149    |    122    |    202    |    00010010
207    |     149    |    125    |    204    |    00010010
207    |     149    |    128    |    206    |    00010010
207    |     149    |    131    |    208    |    00010010
207    |     154    |    134    |    210    |    00010010
207    |     159    |    137    |    212    |    00010010
207    |     164    |    140    |    214    |    00010010
207    |     169    |    143    |    216    |    00010010
207    |     174    |    146    |    218    |    00010010
207    |     179    |    149    |    220    |    00010010
207    |     184    |    152    |    222    |    00010010
207    |     189    |    155    |    224    |    00010010
207    |     194    |    158    |    226    |    00010010
207    |     199    |    161    |    228    |    00010010
207    |     199    |    164    |    230    |    00010010
207    |     199    |    167    |    229    |    00010010
207    |     199    |    170    |    227    |    00010010
207    |     199    |    173    |    225    |    00010010
207    |     199    |    176    |    223    |    00010010
207    |     194    |    179    |    221    |    00010010
207    |     189    |    182    |    219    |    00010010
207    |     184    |    185    |    217    |    00010010
207    |     179    |    188    |    215    |    00010010
207    |     174    |    191    |    213    |    00010010
207    |     169    |    194    |    211    |    00010010
207    |     164    |    197    |    209    |    00010010
207    |     159    |    200    |    207    |    00010010
207    |     154    |    203    |    205    |    00010010
207    |     149    |    206    |    203    |    00010010
207    |     144    |    209    |    201    |    00010010
207    |     139    |    212    |    199    |    00010010
207    |     134    |    215    |    197    |    00010010
207    |     129    |    218    |    195    |    00010010
207    |     124    |    221    |    193    |    00010010
207    |     124    |    224    |    191    |    00010010
207    |     124    |    227    |    189    |    00010010
207    |     124    |    230    |    187    |    00010010
207    |     124    |    233    |    185    |    00010010
207    |     124    |    236    |    183    |    00010010
207    |     124    |    239    |    181    |    00010010
207    |     124    |    242    |    179    |    00010010
207    |     124    |    245    |    177    |    00010010
207    |     129    |    248    |    175    |    00010010
207    |     134    |    251    |    173    |    00010010
207    |     139    |    254    |    171    |    00010010
207    |     144    |    257    |    169    |    00010010
207    |     149    |    260    |    167    |    00010010
207    |     154    |    263    |    165    |    00010010
207    |     159    |    266    |    163    |    00010010
207    |     164    |    269    |    161    |    00010010
207    |     169    |    272    |    159    |    00010010
207    |     169    |    275    |    157    |    00010010
207    |     169    |    278    |    155    |    00010010
207    |     169    |    281    |    153    |    00010010
207    |     169    |    284    |    151    |    00010010
207    |     169    |    287    |    149    |    00010010
207    |     169    |    290    |    147    |    00010010
207    |     164    |    293    |    145    |    00010010
207    |     159    |    296    |    143    |    00010010
207    |     154    |    299    |    141    |    00010010
207    |     149    |    302    |    139    |    00010010
207    |     144    |    305    |    137    |    00010010
207    |     139    |    308    |    135    |    00010010
207    |     134    |    311    |    133    |    00010010
207    |     129    |    314    |    131    |    00010010
207    |     124    |    317    |    129    |    00010010
207    |     119    |    320    |    127    |    00010010
207    |     114    |    323    |    125    |    00010010
207    |     109    |    326    |    123    |    00010010
207    |     104    |    329    |    121    |    00010010
207    |     99    |    332    |    119    |    00010010
207    |     94    |    335    |    117    |    00010010
207    |     89    |    338    |    115    |    00010010
207    |     84    |    341    |    113    |    00010010
207    |     79    |    344    |    111    |    00010010
207    |     74    |    347    |    109    |    00010010
207    |     69    |    350    |    107    |    00010010
207    |     64    |    353    |    105    |    00010010
207    |     59    |    356    |    103    |    00010010
207    |     54    |    359    |    101    |    00010010
207    |     54    |    362    |    99    |    00010010
207    |     54    |    365    |    97    |    00010010
207    |     54    |    368    |    95    |    00010010
207    |     54    |    371    |    93    |    00010010
207    |     54    |    374    |    91    |    00010010
207    |     54    |    377    |    89    |    00010010
207    |     54    |    380    |    87    |    00010010
207    |     59    |    383    |    85    |    00010010
207    |     64    |    386    |    83    |    00010010
207    |     69    |    389    |    81    |    00010010
207    |     74    |    392    |    79    |    00010010
207    |     79    |    395    |    77    |    00010010
207    |     84    |    398    |    75    |    00010010
207    |     84    |    401    |    73    |    00010010
207    |     84    |    404    |    71    |    00010010
207    |     84    |    407    |    69    |    00010010
207    |     84    |    410    |    67    |    00010010
207    |     84    |    413    |    65    |    00010010
207    |     89    |    416    |    63    |    00010010
207    |     94    |    419    |    61    |    00010010
207    |     99    |    422    |    59    |    00010010
207    |     104    |    425    |    57    |    00010010
207    |     104    |    428    |    55    |    00010010
207    |     104    |    431    |    53    |    00010010
207    |     104    |    434    |    51    |    00010010
207    |     104    |    437    |    49    |    00010010
207    |     104    |    440    |    47    |    00010010
207    |     104    |    443    |    45    |    00010010
207    |     104    |    446    |    43    |    00010010
207    |     104    |    449    |    41    |    00010010
207    |     104    |    452    |    39    |    00010010
207    |     104    |    455    |    37    |    00010010
207    |     104    |    458    |    35    |    00010010
207    |     104    |    461    |    33    |    00010010
207    |     104    |    464    |    31    |    00010010
207    |     104    |    467    |    29    |    00010010
207    |     104    |    470    |    27    |    00010010
207    |     104    |    473    |    27    |    00010010
207    |     104    |    476    |    29    |    00010010
207    |     104    |    479    |    31    |    00010010
207    |     104    |    482    |    33    |    00010010
207    |     104    |    485    |    35    |    00010010
207    |     104    |    488    |    37    |    00010010
207    |     104    |    491    |    39    |    00010010
207    |     104    |    494    |    41    |    00010010
207    |     104    |    497    |    43    |    00010010
207    |     104    |    500    |    45    |    00010010
207    |     104    |    503    |    47    |    00010010
207    |     104    |    256    |    128    |    00011010
207    |     104    |    261    |    128    |    00011010
207    |     104    |    266    |    128    |    00011010
207    |     104    |    271    |    128    |    00011010
202    |     104    |    276    |    128    |    00011010
197    |     104    |    281    |    128    |    00011010
192    |     104    |    286    |    128    |    00011010
187    |     104    |    291    |    128    |    00011010
182    |     104    |    296    |    128    |    00011010
177    |     104    |    301    |    128    |    00011010
172    |     104    |    306    |    128    |    00011010
167    |     104    |    311    |    128    |    00011010
162    |     104    |    316    |    128    |    00011010
157    |     104    |    321    |    128    |    00011010
152    |     104    |    326    |    128    |    00011010
147    |     104    |    331    |    128    |    00011010
142    |     104    |    336    |    128    |    00011010
137    |     104    |    341    |    128    |    00011010
132    |     104    |    346    |    128    |    00011010
127    |     104    |    351    |    128    |    00011010
122    |     104    |    356    |    128    |    00011010
122    |     104    |    361    |    128    |    00011010
122    |     104    |    366    |    128    |    00011010
122    |     104    |    371    |    128    |    00011010
122    |     104    |    376    |    128    |    00011010
122    |     104    |    381    |    128    |    00011010
122    |     104    |    386    |    128    |    00011010
122    |     104    |    391    |    128    |    00011010
122    |     104    |    396    |    128    |    00011010
122    |     104    |    401    |    128    |    00011010
122    |     104    |    406    |    128    |    00011010
122    |     104    |    411    |    128    |    00011010
122    |     104    |    416    |    128    |    00011010
122    |     104    |    421    |    128    |    00011010
122    |     104    |    426    |    128    |    00011010
122    |     109    |    431    |    128    |    00011010
122    |     114    |    436    |    128    |    00011010
122    |     119    |    441    |    128    |    00011010
122    |     124    |    446    |    128    |    00011010
122    |     129    |    451    |    128    |    00011010
122    |     134    |    456    |    128    |    00011010
122    |     139    |    461    |    128    |    00011010
122    |     144    |    466    |    128    |    00011010
122    |     149    |    471    |    128    |    00011010
122    |     149    |    476    |    128    |    00011010
122    |     144    |    481    |    128    |    00011010
122    |     139    |    486    |    128    |    00011010
122    |     134    |    491    |    128    |    00011010
122    |     129    |    496    |    128    |    00011010
122    |     124    |    501    |    128    |    00011010
122    |     119    |    494    |    130    |    00011010
122    |     114    |    487    |    132    |    00011010
122    |     109    |    480    |    134    |    00011010
122    |     104    |    473    |    136    |    00011010
122    |     99    |    466    |    138    |    00011010
122    |     94    |    459    |    140    |    00011010
122    |     89    |    452    |    142    |    00011010
122    |     84    |    445    |    144    |    00011010
122    |     79    |    438    |    146    |    00011010
122    |     79    |    431    |    148    |    00011010
122    |     79    |    424    |    150    |    00011010
122    |     79    |    417    |    152    |    00011010
122    |     79    |    410    |    154    |    00011010
122    |     79    |    403    |    156    |    00011010
122    |     79    |    396    |    158    |    00011010
122    |     79    |    389    |    160    |    00011010
122    |     79    |    382    |    162    |    00011010
122    |     79    |    375    |    164    |    00011010
122    |     79    |    368    |    166    |    00011010
127    |     79    |    361    |    168    |    00011010
132    |     79    |    354    |    170    |    00011010
137    |     79    |    347    |    172    |    00011010
142    |     79    |    340    |    174    |    00011010
147    |     79    |    333    |    176    |    00011010
152    |     79    |    326    |    178    |    00011010
157    |     79    |    319    |    180    |    00011010
162    |     79    |    312    |    182    |    00011010
167    |     79    |    305    |    184    |    00011010
172    |     79    |    298    |    186    |    00011010
177    |     79    |    291    |    188    |    00011010
182    |     79    |    284    |    190    |    00011010
187    |     79    |    277    |    192    |    00011010
192    |     79    |    270    |    194    |    00011010
197    |     79    |    263    |    196    |    00011010
202    |     79    |    256    |    198    |    00011010
207    |     79    |    249    |    200    |    00011010
207    |     79    |    242    |    202    |    00011010
207    |     79    |    235    |    204    |    00011010
207    |     79    |    228    |    206    |    00011010
207    |     79    |    221    |    208    |    00011010
207    |     79    |    214    |    210    |    00011010
207    |     79    |    207    |    212    |    00011010
207    |     79    |    200    |    214    |    00011010
207    |     79    |    193    |    216    |    00011010
207    |     79    |    186    |    218    |    00011010
207    |     79    |    179    |    220    |    00011010
207    |     79    |    172    |    222    |    00011010
207    |     79    |    165    |    224    |    00011010
207    |     79    |    158    |    226    |    00011010
207    |     79    |    151    |    228    |    00011010
207    |     79    |    144    |    230    |    00011010
207    |     79    |    137    |    229    |    00011010
207    |     79    |    130    |    227    |    00011010
207    |     79    |    123    |    225    |    00011010
207    |     79    |    116    |    223    |    00011010
207    |     79    |    109    |    221    |    00011010
207    |     79    |    102    |    219    |    00011010
207    |     79    |    95    |    217    |    00011010
207    |     79    |    88    |    215    |    00011010
207    |     79    |    81    |    213    |    00011010
207    |     79    |    74    |    211    |    00011010
207    |     79    |    67    |    209    |    00011010
207    |     79    |    60    |    207    |    00011010
207    |     79    |    53    |    205    |    00011010
207    |     79    |    46    |    203    |    00011010
207    |     79    |    39    |    201    |    00011010
207    |     79    |    32    |    199    |    00011010
207    |     79    |    25    |    197    |    00011010
207    |     79    |    18    |    195    |    00011010
207    |     79    |    11    |    193    |    00011010
202    |     79    |    18    |    191    |    00011010
197    |     79    |    25    |    189    |    00011010
192    |     79    |    32    |    187    |    00011010
187    |     79    |    39    |    185    |    00011010
182    |     79    |    46    |    183    |    00011010
177    |     79    |    53    |    181    |    00011010
172    |     79    |    60    |    179    |    00011010
167    |     79    |    67    |    177    |    00011010
162    |     79    |    74    |    175    |    00011010
157    |     79    |    81    |    173    |    00011010
152    |     79    |    88    |    171    |    00011010
147    |     79    |    95    |    169    |    00011010
142    |     79    |    102    |    167    |    00011010
137    |     79    |    109    |    165    |    00011010
132    |     79    |    116    |    163    |    00011010
127    |     79    |    123    |    161    |    00011010
122    |     79    |    130    |    159    |    00011010
117    |     79    |    137    |    157    |    00011010
112    |     79    |    144    |    155    |    00011010
112    |     79    |    151    |    153    |    00011010
112    |     79    |    158    |    151    |    00011010
112    |     79    |    165    |    149    |    00011010
112    |     79    |    172    |    147    |    00011010
112    |     79    |    179    |    145    |    00011010
112    |     79    |    186    |    143    |    00011010
112    |     79    |    193    |    141    |    00011010
112    |     79    |    200    |    139    |    00011010
112    |     79    |    207    |    137    |    00011010
112    |     79    |    214    |    135    |    00011010
112    |     79    |    221    |    133    |    00011010
112    |     79    |    228    |    131    |    00011010
112    |     79    |    235    |    129    |    00011010
112    |     84    |    242    |    127    |    00011010
112    |     89    |    249    |    125    |    00011010
112    |     94    |    256    |    123    |    00011010
112    |     99    |    263    |    121    |    00011010
112    |     104    |    270    |    119    |    00011010
112    |     109    |    277    |    117    |    00011010
112    |     114    |    284    |    115    |    00011010
112    |     114    |    291    |    113    |    00011010
112    |     114    |    298    |    111    |    00011010
112    |     114    |    305    |    109    |    00011010
112    |     109    |    312    |    107    |    00011010
112    |     104    |    319    |    105    |    00011010
112    |     99    |    326    |    103    |    00011010
112    |     94    |    333    |    101    |    00011010
112    |     89    |    340    |    99    |    00011010
112    |     84    |    347    |    97    |    00011010
112    |     79    |    354    |    95    |    00011010
112    |     74    |    361    |    93    |    00011010
112    |     69    |    368    |    91    |    00011010
112    |     64    |    375    |    89    |    00011010
112    |     59    |    382    |    87    |    00011010
112    |     54    |    389    |    85    |    00011010
112    |     49    |    396    |    83    |    00011010
112    |     49    |    403    |    81    |    00011010
112    |     49    |    410    |    79    |    00011010
112    |     49    |    417    |    77    |    00011010
112    |     49    |    424    |    75    |    00011010
112    |     49    |    431    |    73    |    00011010
112    |     49    |    438    |    71    |    00011010
112    |     49    |    445    |    69    |    00011010
112    |     54    |    452    |    67    |    00011010
112    |     59    |    459    |    65    |    00011010
112    |     64    |    466    |    63    |    00011010
112    |     69    |    473    |    61    |    00011010
112    |     74    |    480    |    59    |    00011010
112    |     79    |    487    |    57    |    00011010
112    |     84    |    494    |    55    |    00011010
112    |     89    |    501    |    53    |    00011010
112    |     94    |    256    |    128    |    00100010
112    |     99    |    261    |    128    |    00100010
112    |     104    |    266    |    128    |    00100010
112    |     109    |    271    |    128    |    00100010
112    |     114    |    276    |    128    |    00100010
112    |     119    |    281    |    128    |    00100010
112    |     124    |    286    |    128    |    00100010
112    |     129    |    291    |    128    |    00100010
112    |     134    |    296    |    128    |    00100010
112    |     139    |    301    |    128    |    00100010
112    |     144    |    306    |    128    |    00100010
112    |     149    |    311    |    128    |    00100010
112    |     149    |    316    |    128    |    00100010
112    |     149    |    321    |    128    |    00100010
112    |     149    |    326    |    128    |    00100010
112    |     149    |    331    |    128    |    00100010
112    |     149    |    336    |    128    |    00100010
112    |     149    |    341    |    128    |    00100010
112    |     149    |    346    |    128    |    00100010
112    |     149    |    351    |    128    |    00100010
112    |     149    |    356    |    128    |    00100010
112    |     149    |    361    |    128    |    00100010
112    |     149    |    366    |    128    |    00100010
112    |     149    |    371    |    128    |    00100010
112    |     149    |    376    |    128    |    00100010
112    |     149    |    381    |    128    |    00100010
112    |     149    |    386    |    128    |    00100010
112    |     149    |    391    |    128    |    00100010
112    |     149    |    396    |    128    |    00100010
112    |     149    |    401    |    128    |    00100010
112    |     149    |    406    |    128    |    00100010
112    |     149    |    411    |    128    |    00100010
112    |     149    |    416    |    128    |    00100010
112    |     149    |    421    |    128    |    00100010
112    |     149    |    426    |    128    |    00100010
112    |     149    |    431    |    128    |    00100010
112    |     149    |    436    |    128    |    00100010
112    |     149    |    441    |    128    |    00100010
112    |     149    |    446    |    128    |    00100010
112    |     149    |    451    |    128    |    00100010
112    |     149    |    456    |    128    |    00100010
112    |     149    |    461    |    128    |    00100010
112    |     149    |    466    |    128    |    00100010
112    |     149    |    471    |    128    |    00100010
112    |     144    |    476    |    128    |    00100010
112    |     139    |    481    |    128    |    00100010
112    |     134    |    486    |    128    |    00100010
112    |     129    |    491    |    128    |    00100010
112    |     124    |    496    |    128    |    00100010
112    |     119    |    501    |    128    |    00100010
112    |     114    |    494    |    130    |    00100010
112    |     109    |    487    |    132    |    00100010
112    |     104    |    480    |    134    |    00100010
112    |     99    |    473    |    136    |    00100010
112    |     94    |    466    |    138    |    00100010
112    |     89    |    459    |    140    |    00100010
112    |     84    |    452    |    142    |    00100010
112    |     79    |    445    |    144    |    00100010
112    |     74    |    438    |    146    |    00100010
112    |     74    |    431    |    148    |    00100010
112    |     74    |    424    |    150    |    00100010
112    |     74    |    417    |    152    |    00100010
112    |     74    |    410    |    154    |    00100010
112    |     74    |    403    |    156    |    00100010
112    |     74    |    396    |    158    |    00100010
112    |     74    |    389    |    160    |    00100010
112    |     74    |    382    |    162    |    00100010
117    |     74    |    375    |    164    |    00100010
122    |     74    |    368    |    166    |    00100010
127    |     74    |    361    |    168    |    00100010
132    |     74    |    354    |    170    |    00100010
137    |     74    |    347    |    172    |    00100010
142    |     74    |    340    |    174    |    00100010
147    |     74    |    333    |    176    |    00100010
152    |     74    |    326    |    178    |    00100010
157    |     74    |    319    |    180    |    00100010
162    |     74    |    312    |    182    |    00100010
167    |     74    |    305    |    184    |    00100010
172    |     74    |    298    |    186    |    00100010
177    |     74    |    291    |    188    |    00100010
182    |     74    |    284    |    190    |    00100010
182    |     74    |    277    |    192    |    00100010
182    |     74    |    270    |    194    |    00100010
182    |     74    |    263    |    196    |    00100010
182    |     74    |    256    |    198    |    00100010
182    |     74    |    249    |    200    |    00100010
182    |     74    |    242    |    202    |    00100010
182    |     74    |    235    |    204    |    00100010
182    |     74    |    228    |    206    |    00100010
182    |     74    |    221    |    208    |    00100010
182    |     74    |    214    |    210    |    00100010
182    |     74    |    207    |    212    |    00100010
182    |     74    |    200    |    214    |    00100010
182    |     74    |    193    |    216    |    00100010
182    |     74    |    186    |    218    |    00100010
182    |     74    |    179    |    220    |    00100010
182    |     74    |    172    |    222    |    00100010
182    |     74    |    165    |    224    |    00100010
182    |     74    |    158    |    226    |    00100010
182    |     74    |    151    |    228    |    00100010
182    |     74    |    144    |    230    |    00100010
182    |     74    |    137    |    229    |    00100010
182    |     74    |    130    |    227    |    00100010
182    |     74    |    123    |    225    |    00100010
182    |     74    |    116    |    223    |    00100010
182    |     74    |    109    |    221    |    00100010
182    |     74    |    102    |    219    |    00100010
182    |     74    |    95    |    217    |    00100010
182    |     74    |    88    |    215    |    00100010
182    |     74    |    81    |    213    |    00100010
182    |     74    |    74    |    211    |    00100010
182    |     74    |    67    |    209    |    00100010
182    |     74    |    60    |    207    |    00100010
182    |     74    |    53    |    205    |    00100010
182    |     74    |    46    |    203    |    00100010
182    |     74    |    39    |    201    |    00100010
182    |     74    |    32    |    199    |    00100010
182    |     74    |    25    |    197    |    00100010
182    |     74    |    18    |    195    |    00100010
182    |     74    |    11    |    193    |    00100010
182    |     74    |    18    |    191    |    00100010
182    |     74    |    25    |    189    |    00100010
177    |     74    |    32    |    187    |    00100010
172    |     74    |    39    |    185    |    00100010
167    |     74    |    46    |    183    |    00100010
162    |     74    |    53    |    181    |    00100010
157    |     74    |    60    |    179    |    00100010
152    |     74    |    67    |    177    |    00100010
147    |     74    |    74    |    175    |    00100010
142    |     74    |    81    |    173    |    00100010
137    |     74    |    88    |    171    |    00100010
132    |     74    |    95    |    169    |    00100010
127    |     74    |    102    |    167    |    00100010
122    |     74    |    109    |    165    |    00100010
122    |     74    |    116    |    163    |    00100010
122    |     74    |    123    |    161    |    00100010
122    |     74    |    130    |    159    |    00100010
122    |     74    |    137    |    157    |    00100010
122    |     74    |    144    |    155    |    00100010
122    |     74    |    151    |    153    |    00100010
122    |     74    |    158    |    151    |    00100010
122    |     74    |    165    |    149    |    00100010
122    |     74    |    172    |    147    |    00100010
122    |     74    |    179    |    145    |    00100010
122    |     74    |    186    |    143    |    00100010
122    |     74    |    193    |    141    |    00100010
122    |     74    |    200    |    139    |    00100010
122    |     74    |    207    |    137    |    00100010
122    |     74    |    214    |    135    |    00100010
117    |     74    |    221    |    133    |    00100010
112    |     74    |    228    |    131    |    00100010
107    |     74    |    235    |    129    |    00100010
102    |     74    |    242    |    127    |    00100010
97    |     74    |    249    |    125    |    00100010
92    |     74    |    256    |    123    |    00100010
87    |     74    |    263    |    121    |    00100010
82    |     74    |    270    |    119    |    00100010
77    |     74    |    277    |    117    |    00100010
72    |     74    |    284    |    115    |    00100010
67    |     74    |    291    |    113    |    00100010
67    |     74    |    298    |    111    |    00100010
67    |     74    |    305    |    109    |    00100010
67    |     69    |    312    |    107    |    00100010
67    |     64    |    319    |    105    |    00100010
67    |     59    |    326    |    103    |    00100010
67    |     54    |    333    |    101    |    00100010
67    |     49    |    340    |    99    |    00100010
67    |     49    |    347    |    97    |    00100010
67    |     49    |    354    |    95    |    00100010
67    |     49    |    361    |    93    |    00100010
67    |     49    |    368    |    91    |    00100010
67    |     49    |    375    |    89    |    00100010
67    |     49    |    382    |    87    |    00100010
67    |     49    |    389    |    85    |    00100010
67    |     49    |    396    |    83    |    00100010
67    |     49    |    403    |    81    |    00100010
67    |     49    |    410    |    79    |    00100010
67    |     49    |    417    |    77    |    00100010
67    |     49    |    424    |    75    |    00100010
67    |     49    |    431    |    73    |    00100010
67    |     49    |    438    |    71    |    00100010
67    |     49    |    445    |    69    |    00100010
67    |     49    |    452    |    67    |    00100010
67    |     49    |    459    |    65    |    00100010
67    |     49    |    466    |    63    |    00100010
67    |     49    |    473    |    61    |    00100010
67    |     54    |    480    |    59    |    00100010
67    |     59    |    487    |    57    |    00100010
67    |     64    |    494    |    55    |    00100010
67    |     69    |    501    |    53    |    00100010
67    |     74    |    492    |    53    |    00100010
67    |     79    |    483    |    53    |    00100010
67    |     84    |    474    |    53    |    00100010
67    |     89    |    465    |    53    |    00100010
67    |     94    |    456    |    53    |    00100010
67    |     99    |    447    |    53    |    00100010
67    |     104    |    438    |    53    |    00100010
67    |     109    |    429    |    53    |    00100010
67    |     114    |    420    |    53    |    00100010
67    |     119    |    411    |    53    |    00100010
67    |     124    |    402    |    53    |    00100010
67    |     129    |    393    |    53    |    00100010
67    |     134    |    384    |    53    |    00100010
67    |     139    |    375    |    53    |    00100010
72    |     139    |    366    |    53    |    00100010
77    |     139    |    357    |    53    |    00100010
82    |     139    |    348    |    53    |    00100010
87    |     139    |    339    |    53    |    00100010
92    |     139    |    330    |    53    |    00100010
97    |     139    |    321    |    53    |    00100010
102    |     139    |    312    |    53    |    00100010
107    |     139    |    303    |    53    |    00100010
112    |     139    |    294    |    53    |    00100010
117    |     139    |    285    |    53    |    00100010
122    |     139    |    276    |    53    |    00100010
127    |     139    |    267    |    53    |    00100010
132    |     139    |    258    |    53    |    00100010
137    |     139    |    249    |    53    |    00100010
137    |     139    |    240    |    53    |    00100010
132    |     139    |    231    |    53    |    00100010
127    |     139    |    222    |    53    |    00100010
122    |     139    |    213    |    53    |    00100010
117    |     139    |    204    |    53    |    00100010
112    |     139    |    195    |    53    |    00100010
107    |     139    |    186    |    53    |    00100010
102    |     139    |    177    |    53    |    00100010
97    |     139    |    168    |    53    |    00100010
92    |     139    |    159    |    53    |    00100010
87    |     139    |    150    |    53    |    00100010
82    |     139    |    141    |    53    |    00100010
77    |     139    |    132    |    53    |    00100010
72    |     139    |    123    |    53    |    00100010
67    |     139    |    114    |    53    |    00100010
62    |     139    |    105    |    53    |    00100010
57    |     139    |    96    |    53    |    00100010
52    |     139    |    87    |    53    |    00100010
49    |     139    |    78    |    53    |    00100010
49    |     139    |    69    |    53    |    00100010
49    |     139    |    60    |    53    |    00100010
54    |     139    |    51    |    53    |    00100010
59    |     139    |    42    |    53    |    00100010
64    |     139    |    33    |    53    |    00100010
69    |     139    |    24    |    53    |    00100010
74    |     139    |    15    |    53    |    00100010
79    |     139    |    256    |    128    |    00100011
84    |     139    |    251    |    128    |    00100011
89    |     139    |    246    |    128    |    00100011
94    |     139    |    241    |    128    |    00100011
99    |     139    |    236    |    128    |    00100011
104    |     139    |    231    |    128    |    00100011
109    |     139    |    226    |    128    |    00100011
114    |     139    |    221    |    128    |    00100011
119    |     139    |    216    |    128    |    00100011
124    |     139    |    211    |    128    |    00100011
129    |     139    |    206    |    128    |    00100011
134    |     139    |    201    |    128    |    00100011
139    |     139    |    196    |    128    |    00100011
144    |     139    |    191    |    128    |    00100011
149    |     139    |    186    |    128    |    00100011
154    |     139    |    181    |    128    |    00100011
159    |     139    |    176    |    128    |    00100011
164    |     139    |    171    |    128    |    00100011
169    |     139    |    166    |    128    |    00100011
174    |     139    |    161    |    128    |    00100011
179    |     139    |    156    |    128    |    00100011
184    |     139    |    151    |    128    |    00100011
189    |     139    |    146    |    128    |    00100011
194    |     139    |    141    |    128    |    00100011
199    |     139    |    136    |    128    |    00100011
204    |     139    |    131    |    128    |    00100011
207    |     139    |    126    |    128    |    00100011
207    |     139    |    121    |    128    |    00100011
207    |     139    |    116    |    128    |    00100011
202    |     139    |    111    |    128    |    00100011
197    |     139    |    106    |    128    |    00100011
192    |     139    |    101    |    128    |    00100011
187    |     139    |    96    |    128    |    00100011
182    |     139    |    91    |    128    |    00100011
177    |     139    |    86    |    128    |    00100011
172    |     139    |    81    |    128    |    00100011
167    |     139    |    76    |    128    |    00100011
162    |     139    |    71    |    128    |    00100011
157    |     139    |    66    |    128    |    00100011
152    |     139    |    61    |    128    |    00100011
147    |     139    |    56    |    128    |    00100011
142    |     139    |    51    |    128    |    00100011
137    |     139    |    46    |    128    |    00100011
132    |     139    |    41    |    128    |    00100011
127    |     139    |    36    |    128    |    00100011
122    |     139    |    31    |    128    |    00100011
117    |     139    |    26    |    128    |    00100011
112    |     139    |    21    |    128    |    00100011
107    |     139    |    16    |    128    |    00100011
112    |     139    |    11    |    128    |    00100011
117    |     139    |    14    |    126    |    00100011
122    |     139    |    17    |    124    |    00100011
127    |     139    |    20    |    122    |    00100011
132    |     139    |    23    |    120    |    00100011
137    |     139    |    26    |    118    |    00100011
142    |     139    |    29    |    116    |    00100011
147    |     139    |    32    |    114    |    00100011
152    |     139    |    35    |    112    |    00100011
157    |     139    |    38    |    110    |    00100011
162    |     139    |    41    |    108    |    00100011
167    |     139    |    44    |    106    |    00100011
172    |     139    |    47    |    104    |    00100011
177    |     139    |    50    |    102    |    00100011
182    |     139    |    53    |    100    |    00100011
187    |     139    |    56    |    98    |    00100011
192    |     139    |    59    |    96    |    00100011
197    |     139    |    62    |    94    |    00100011
202    |     139    |    65    |    92    |    00100011
207    |     139    |    68    |    90    |    00100011
207    |     139    |    71    |    88    |    00100011
207    |     139    |    74    |    86    |    00100011
207    |     139    |    77    |    84    |    00100011
207    |     139    |    80    |    82    |    00100011
207    |     139    |    83    |    80    |    00100011
207    |     139    |    86    |    78    |    00100011
207    |     139    |    89    |    76    |    00100011
207    |     139    |    92    |    74    |    00100011
207    |     139    |    95    |    72    |    00100011
207    |     139    |    98    |    70    |    00100011
207    |     139    |    101    |    68    |    00100011
207    |     139    |    104    |    66    |    00100011
207    |     139    |    107    |    64    |    00100011
207    |     139    |    110    |    62    |    00100011
207    |     139    |    113    |    60    |    00100011
207    |     139    |    116    |    58    |    00100011
207    |     139    |    119    |    56    |    00100011
207    |     139    |    122    |    54    |    00100011
207    |     139    |    125    |    52    |    00100011
207    |     139    |    128    |    50    |    00100011
207    |     139    |    131    |    48    |    00100011
207    |     139    |    134    |    46    |    00100011
207    |     139    |    137    |    44    |    00100011
207    |     139    |    140    |    42    |    00100011
207    |     139    |    143    |    40    |    00100011
207    |     139    |    146    |    38    |    00100011
207    |     139    |    149    |    36    |    00100011
207    |     139    |    152    |    34    |    00100011
207    |     139    |    155    |    32    |    00100011
207    |     139    |    158    |    30    |    00100011
207    |     139    |    161    |    28    |    00100011
207    |     139    |    164    |    26    |    00100011
207    |     134    |    167    |    27    |    00100011
207    |     129    |    170    |    29    |    00100011
207    |     124    |    173    |    31    |    00100011
207    |     119    |    176    |    33    |    00100011
207    |     114    |    179    |    35    |    00100011
207    |     109    |    182    |    37    |    00100011
207    |     104    |    185    |    39    |    00100011
207    |     99    |    188    |    41    |    00100011
207    |     94    |    191    |    43    |    00100011
207    |     89    |    194    |    45    |    00100011
207    |     84    |    197    |    47    |    00100011
207    |     79    |    200    |    49    |    00100011
207    |     74    |    203    |    51    |    00100011
207    |     69    |    206    |    53    |    00100011
207    |     64    |    209    |    55    |    00100011
207    |     59    |    212    |    57    |    00100011
207    |     54    |    215    |    59    |    00100011
207    |     49    |    218    |    61    |    00100011
207    |     49    |    221    |    63    |    00100011
207    |     49    |    224    |    65    |    00100011
207    |     49    |    227    |    67    |    00100011
207    |     49    |    230    |    69    |    00100011
207    |     49    |    233    |    71    |    00100011
207    |     49    |    236    |    73    |    00100011
207    |     49    |    239    |    75    |    00100011
207    |     49    |    242    |    77    |    00100011
207    |     49    |    245    |    79    |    00100011
207    |     49    |    248    |    81    |    00100011
207    |     49    |    251    |    83    |    00100011
207    |     49    |    254    |    85    |    00100011
207    |     54    |    257    |    87    |    00100011
207    |     59    |    260    |    89    |    00100011
207    |     64    |    263    |    91    |    00100011
207    |     69    |    266    |    93    |    00100011
207    |     74    |    269    |    95    |    00100011
207    |     79    |    272    |    97    |    00100011
207    |     84    |    275    |    99    |    00100011
207    |     89    |    278    |    101    |    00100011
207    |     94    |    281    |    103    |    00100011
207    |     99    |    284    |    105    |    00100011
207    |     104    |    287    |    107    |    00100011
207    |     109    |    290    |    109    |    00100011
207    |     114    |    293    |    111    |    00100011
207    |     119    |    296    |    113    |    00100011
207    |     124    |    299    |    115    |    00100011
207    |     129    |    302    |    117    |    00100011
207    |     134    |    305    |    119    |    00100011
207    |     139    |    308    |    121    |    00100011
207    |     144    |    311    |    123    |    00100011
207    |     149    |    314    |    125    |    00100011
207    |     154    |    317    |    127    |    00100011
207    |     159    |    320    |    129    |    00100011
207    |     164    |    323    |    131    |    00100011
207    |     169    |    326    |    133    |    00100011
207    |     174    |    329    |    135    |    00100011
207    |     179    |    332    |    137    |    00100011
207    |     184    |    335    |    139    |    00100011
207    |     184    |    338    |    141    |    00100011
207    |     184    |    341    |    143    |    00100011
207    |     184    |    344    |    145    |    00100011
207    |     184    |    347    |    147    |    00100011
207    |     184    |    350    |    149    |    00100011
207    |     184    |    353    |    151    |    00100011
207    |     184    |    356    |    153    |    00100011
207    |     184    |    359    |    155    |    00100011
207    |     184    |    362    |    157    |    00100011
207    |     184    |    365    |    159    |    00100011
207    |     184    |    368    |    161    |    00100011
207    |     184    |    371    |    163    |    00100011
207    |     184    |    374    |    165    |    00100011
207    |     184    |    377    |    167    |    00100011
207    |     184    |    380    |    169    |    00100011
207    |     184    |    383    |    171    |    00100011
207    |     184    |    386    |    173    |    00100011
207    |     184    |    389    |    175    |    00100011
207    |     184    |    392    |    177    |    00100011
207    |     184    |    395    |    179    |    00100011
207    |     184    |    398    |    181    |    00100011
207    |     184    |    401    |    183    |    00100011
207    |     184    |    404    |    185    |    00100011
207    |     184    |    407    |    187    |    00100011
207    |     184    |    410    |    189    |    00100011
207    |     184    |    413    |    191    |    00100011
207    |     189    |    416    |    193    |    00100011
207    |     194    |    419    |    195    |    00100011
207    |     199    |    422    |    197    |    00100011
207    |     204    |    425    |    199    |    00100011
207    |     207    |    428    |    201    |    00100011
207    |     207    |    431    |    203    |    00100011
207    |     207    |    434    |    205    |    00100011
207    |     207    |    437    |    207    |    00100011
207    |     207    |    440    |    209    |    00100011
207    |     207    |    443    |    211    |    00100011
207    |     207    |    446    |    213    |    00100011
207    |     207    |    449    |    215    |    00100011
207    |     207    |    452    |    217    |    00100011
207    |     207    |    455    |    219    |    00100011
207    |     207    |    458    |    221    |    00100011
207    |     207    |    461    |    223    |    00100011
207    |     207    |    464    |    225    |    00100011
207    |     207    |    467    |    227    |    00100011
207    |     207    |    470    |    229    |    00100011
207    |     207    |    473    |    229    |    00100011
207    |     207    |    476    |    227    |    00100011
207    |     207    |    479    |    225    |    00100011
207    |     207    |    482    |    223    |    00100011
207    |     202    |    485    |    221    |    00100011
207    |     197    |    488    |    219    |    00100011
207    |     192    |    491    |    217    |    00100011
207    |     187    |    494    |    215    |    00100011
207    |     182    |    497    |    213    |    00100011
207    |     177    |    500    |    211    |    00100011
207    |     172    |    503    |    209    |    00100011
207    |     167    |    256    |    128    |    10101011
